const_time_list:
[1.9073486328125e-07, 1.430511474609375e-07, 2.384185791015625e-07, 9.5367431640625e-08, 1.9073486328125e-07, 2.384185791015625e-07, 1.9073486328125e-07, 2.384185791015625e-07, 1.430511474609375e-07, 2.86102294921875e-07, 0.0, 1.430511474609375e-07, 1.430511474609375e-07, 2.384185791015625e-07, 1.9073486328125e-07, 1.430511474609375e-07, 1.9073486328125e-07, 9.5367431640625e-08, 1.9073486328125e-07, 2.384185791015625e-07, 2.86102294921875e-07, 2.384185791015625e-07, 2.86102294921875e-07, 4.76837158203125e-08, 1.430511474609375e-07, 1.430511474609375e-07, 2.86102294921875e-07, 2.384185791015625e-07, 1.9073486328125e-07, 2.384185791015625e-07, 3.814697265625e-07, 3.814697265625e-07, 2.384185791015625e-07, 2.384185791015625e-07, 2.86102294921875e-07, 3.337860107421875e-07, 1.9073486328125e-07, 2.86102294921875e-07, 2.384185791015625e-07, 1.430511474609375e-07, 2.384185791015625e-07, 2.86102294921875e-07, 9.5367431640625e-08, 1.430511474609375e-07, 1.9073486328125e-07, 2.384185791015625e-07, 2.384185791015625e-07, 2.86102294921875e-07, 1.9073486328125e-07]
summ_time_list:
[7.05718994140625e-06, 2.1457672119140625e-06, 2.47955322265625e-06, 3.0040740966796874e-06, 3.2901763916015627e-06, 3.62396240234375e-06, 4.0531158447265625e-06, 7.724761962890625e-06, 4.100799560546875e-06, 7.009506225585937e-06, 4.9591064453125e-06, 5.0067901611328125e-06, 5.340576171875e-06, 5.53131103515625e-06, 5.435943603515625e-06, 6.580352783203125e-06, 6.29425048828125e-06, 7.2479248046875e-06, 6.771087646484375e-06, 7.2479248046875e-06, 8.440017700195312e-06, 8.344650268554688e-06, 8.821487426757812e-06, 8.344650268554688e-06, 8.869171142578126e-06, 9.775161743164062e-06, 9.72747802734375e-06, 9.441375732421875e-06, 1.0395050048828125e-05, 1.1873245239257812e-05, 1.087188720703125e-05, 1.506805419921875e-05, 1.125335693359375e-05, 1.1110305786132813e-05, 2.0074844360351563e-05, 1.4257431030273437e-05, 1.3446807861328125e-05, 1.3589859008789062e-05, 1.2683868408203126e-05, 1.4257431030273437e-05, 1.4638900756835937e-05, 1.316070556640625e-05, 1.6117095947265624e-05, 1.3875961303710938e-05, 1.5354156494140626e-05, 1.587867736816406e-05, 1.587867736816406e-05, 1.5401840209960936e-05, 1.587867736816406e-05]
pr_time_list:
[2.002716064453125e-06, 2.288818359375e-06, 2.574920654296875e-06, 2.6226043701171875e-06, 3.0040740966796874e-06, 3.3855438232421873e-06, 3.4809112548828124e-06, 3.814697265625e-06, 4.0531158447265625e-06, 6.389617919921875e-06, 4.57763671875e-06, 4.76837158203125e-06, 4.625320434570312e-06, 5.388259887695313e-06, 5.340576171875e-06, 5.674362182617188e-06, 6.151199340820313e-06, 6.055831909179687e-06, 6.29425048828125e-06, 6.866455078125e-06, 6.771087646484375e-06, 7.343292236328125e-06, 7.62939453125e-06, 7.82012939453125e-06, 8.0108642578125e-06, 8.106231689453125e-06, 8.726119995117188e-06, 8.535385131835937e-06, 9.34600830078125e-06, 9.34600830078125e-06, 9.72747802734375e-06, 9.72747802734375e-06, 1.0013580322265625e-05, 1.0013580322265625e-05, 1.6498565673828126e-05, 1.316070556640625e-05, 1.201629638671875e-05, 1.1491775512695313e-05, 1.277923583984375e-05, 1.2063980102539063e-05, 1.25885009765625e-05, 1.2636184692382812e-05, 1.277923583984375e-05, 1.3256072998046875e-05, 1.3637542724609376e-05, 1.392364501953125e-05, 1.3780593872070312e-05, 1.4591217041015626e-05, 1.4829635620117188e-05]
native_time_list:
[1.1300999999999999e-05, 1.2063800000000001e-05, 1.6498599999999998e-05, 2.17436e-05, 2.75134e-05, 3.52862e-05, 4.22e-05, 4.940020000000001e-05, 5.2023e-05, 9.050360000000001e-05, 6.54698e-05, 7.3719e-05, 7.88212e-05, 8.88826e-05, 9.7561e-05, 0.00010790840000000001, 0.00011639579999999999, 0.0001280306, 0.0001347064, 0.0001451492, 0.0001577378, 0.00016613020000000002, 0.00018591900000000002, 0.000194454, 0.0002038958, 0.00021324179999999997, 0.0002259254, 0.00023913380000000002, 0.000250435, 0.0002718926, 0.0002768996, 0.0002934458, 0.0003071784, 0.0003266814, 0.0003827094, 0.00041914000000000003, 0.00040240300000000007, 0.00038428280000000006, 0.000434971, 0.0004312514, 0.0004418372, 0.0004461288, 0.0004637718000000001, 0.0004942896000000001, 0.0005091189999999999, 0.0005273343999999999, 0.0005487442000000001, 0.0005496501999999999, 0.0005692006]
gorner_time_list:
[9.538e-07, 1.5262e-06, 4.6731999999999996e-06, 8.1538e-06, 1.16828e-05, 1.5402e-05, 1.8691999999999997e-05, 2.26022e-05, 2.5081799999999998e-05, 4.282e-05, 3.35692e-05, 3.4904400000000004e-05, 3.75272e-05, 4.1628e-05, 4.4298e-05, 4.85898e-05, 5.24998e-05, 5.4788600000000006e-05, 6.113040000000001e-05, 6.2895e-05, 6.52312e-05, 6.81404e-05, 7.185919999999999e-05, 7.9441e-05, 7.89164e-05, 8.320820000000001e-05, 8.51156e-05, 8.84056e-05, 9.422280000000001e-05, 9.44614e-05, 9.961100000000002e-05, 0.00010318760000000001, 0.00010523799999999998, 0.00010957720000000001, 0.000117588, 0.0001394274, 0.0001327992, 0.0001277924, 0.00015506759999999999, 0.0001304628, 0.0001343726, 0.0001382352, 0.00013923659999999998, 0.00014724720000000002, 0.0001506328, 0.0001524926, 0.0001545904, 0.00015711780000000002, 0.000159645]
qs_time_list:
[8.440017700195312e-06, 8.7738037109375e-06, 9.584426879882813e-06, 1.0442733764648437e-05, 1.1777877807617187e-05, 1.3971328735351563e-05, 1.354217529296875e-05, 1.7881393432617188e-05, 1.6927719116210938e-05, 2.1457672119140625e-05, 1.8644332885742188e-05, 1.9788742065429688e-05, 2.1028518676757813e-05, 2.226829528808594e-05, 2.2077560424804686e-05, 3.175735473632812e-05, 2.384185791015625e-05, 2.8371810913085938e-05, 2.6655197143554687e-05, 3.080368041992187e-05, 3.4189224243164064e-05, 4.029273986816406e-05, 3.7336349487304686e-05, 7.691383361816407e-05, 3.809928894042969e-05, 4.31060791015625e-05, 3.972053527832031e-05, 4.6253204345703125e-05, 4.634857177734375e-05, 4.696846008300781e-05, 4.4965744018554686e-05, 6.718635559082032e-05, 5.116462707519531e-05, 4.9495697021484374e-05, 5.702972412109375e-05, 6.928443908691407e-05, 6.0939788818359374e-05, 5.335807800292969e-05, 6.132125854492187e-05, 6.275177001953125e-05, 6.098747253417969e-05, 6.504058837890625e-05, 6.775856018066406e-05, 6.499290466308594e-05, 7.100105285644532e-05, 7.143020629882813e-05, 6.690025329589844e-05, 7.219314575195313e-05, 7.443428039550781e-05]
timsort_time_list:
[2.09808349609375e-06, 2.193450927734375e-06, 2.2411346435546876e-06, 2.09808349609375e-06, 2.47955322265625e-06, 2.956390380859375e-06, 2.8133392333984377e-06, 3.528594970703125e-06, 3.0517578125e-06, 4.100799560546875e-06, 3.910064697265625e-06, 3.528594970703125e-06, 3.528594970703125e-06, 3.814697265625e-06, 3.7670135498046877e-06, 4.5299530029296875e-06, 4.339218139648437e-06, 4.911422729492188e-06, 4.911422729492188e-06, 4.911422729492188e-06, 5.4836273193359375e-06, 5.769729614257812e-06, 6.103515625e-06, 1.1157989501953124e-05, 6.29425048828125e-06, 6.628036499023438e-06, 6.771087646484375e-06, 6.628036499023438e-06, 6.9141387939453125e-06, 8.0108642578125e-06, 7.677078247070313e-06, 8.296966552734374e-06, 8.058547973632812e-06, 8.344650268554688e-06, 9.5367431640625e-06, 1.0585784912109375e-05, 1.0442733764648437e-05, 9.012222290039062e-06, 9.632110595703125e-06, 9.584426879882813e-06, 9.72747802734375e-06, 1.0728836059570312e-05, 1.4638900756835937e-05, 1.0633468627929688e-05, 1.0824203491210937e-05, 1.10626220703125e-05, 1.1396408081054687e-05, 1.18255615234375e-05, 1.1873245239257812e-05]
bubble_time_list:
[4.57763671875e-06, 7.534027099609375e-06, 8.916854858398437e-06, 1.1205673217773438e-05, 1.2969970703125e-05, 2.231597900390625e-05, 2.5701522827148437e-05, 3.690719604492188e-05, 4.0531158447265625e-05, 6.232261657714843e-05, 7.624626159667969e-05, 8.034706115722656e-05, 5.8650970458984375e-05, 8.740425109863282e-05, 7.772445678710938e-05, 0.00012011528015136719, 0.0001330852508544922, 0.0001529693603515625, 0.00021872520446777343, 0.00019578933715820314, 0.0002124786376953125, 0.00022182464599609374, 0.00026240348815917967, 0.0004246234893798828, 0.00028090476989746095, 0.00035071372985839844, 0.0003079891204833984, 0.0003852367401123047, 0.0004532337188720703, 0.00045652389526367186, 0.00041499137878417967, 0.0004921913146972656, 0.0005532264709472656, 0.0005643844604492187, 0.0006240367889404297, 0.0006659030914306641, 0.0008101463317871094, 0.000763845443725586, 0.000955963134765625, 0.0007450103759765625, 0.0008012294769287109, 0.0010645866394042968, 0.0016211986541748047, 0.0009594917297363281, 0.0009702682495117187, 0.0011561393737792968, 0.0012234210968017577, 0.001102304458618164, 0.00122222900390625]
matrix_time_list:
[0.00010623931884765626, 9.5367431640625e-07, 3.7670135498046877e-06, 1.3685226440429687e-05, 3.685951232910156e-05, 8.029937744140625e-05, 0.00017304420471191405, 0.00023856163024902344, 0.0005380630493164063, 0.0005865097045898438, 0.0007489204406738281, 0.0010318279266357422, 0.001366901397705078, 0.0017411231994628907, 0.002216053009033203, 0.002704429626464844, 0.003319072723388672, 0.004105997085571289, 0.004783153533935547, 0.0058634281158447266, 0.00729060173034668, 0.007778024673461914, 0.008948850631713866, 0.011456632614135742, 0.012266874313354492, 0.013519477844238282, 0.014962482452392577, 0.0175687313079834, 0.018663787841796876, 0.021547794342041016, 0.023293447494506837, 0.02580127716064453, 0.028098917007446288, 0.03353586196899414, 0.03882346153259277, 0.044519996643066405, 0.041482162475585935, 0.045677471160888675, 0.04830927848815918, 0.05329313278198242, 0.05667777061462402, 0.06309218406677246, 0.06615400314331055, 0.07215170860290528, 0.07665138244628907, 0.08071751594543457, 0.08617792129516602, 0.09238958358764648, 0.09619154930114746]
